6.930830303506971291e+01 1.950570203348928500e+00
6.285323760945500027e+01 1.343008070563283418e+00
7.855575649137608707e+01 1.515231745959232823e+00
6.678171330352577684e+01 1.818107581483499935e+00
7.291387445276571100e+01 1.853041933663587715e+00
8.741086188682072589e+01 1.900006149089543461e+00
5.895949664240657029e+01 2.066534724523970024e+00
7.016925230944174530e+01 1.878674928885412099e+00
7.346093988591063351e+01 1.787715112577836107e+00
4.845403792332015769e+01 2.067523467234714918e+00
7.678759427884165234e+01 1.304515789665460446e+00
7.294183813089821911e+01 1.829012036743802305e+00
5.153659799589171087e+01 1.141933865376840274e+00
7.722488692506351526e+01 1.851401880119911691e+00
7.433152623275108795e+01 1.831870970931273712e+00
4.949969219798052933e+01 1.881247437575087389e+00
6.560384734336237500e+01 1.596312342192494294e+00
3.998768593037834762e+01 1.780801619519296830e+00
9.027864304257214201e+01 1.705261409944323736e+00
7.329656023518256802e+01 2.145789349795321321e+00
5.910810464939252284e+01 1.645364113266524209e+00
5.138189669187610775e+01 1.862474848124291427e+00
5.128230006803249807e+01 2.246174564686817199e+00
7.874946499062478722e+01 1.617718696650444654e+00
7.038916643810861729e+01 1.806817406734167797e+00
6.925498307085244676e+01 2.107439054205144213e+00
5.563132610804547795e+01 1.380120220966304156e+00
7.790558098574634016e+01 1.634775372218683742e+00
6.057043128908530605e+01 1.652972071282185373e+00
6.529297048078322518e+01 1.618464444787295342e+00
7.285547213933116950e+01 1.630859614770092669e+00
5.597969415397507476e+01 1.573569676967984776e+00
7.107706593555913344e+01 1.597893888509045901e+00
5.698579572299380658e+01 1.659222122103459984e+00
4.808865783696988672e+01 2.109078716378748553e+00
8.575885336562197381e+01 1.908869356619086632e+00
6.997728697499780992e+01 1.381206111441030338e+00
6.885643100290478458e+01 1.636465278582771798e+00
6.446565885803174467e+01 1.458092352780755219e+00
6.349031616958593105e+01 1.723911969656314325e+00
4.875875986665490558e+01 1.671161025329898520e+00
6.716838657586048100e+01 1.341905545247733089e+00
6.628248823538058332e+01 1.457321839881880354e+00
6.065055871054154579e+01 1.828651795153167781e+00
5.195748136642885839e+01 1.767037990692025495e+00
7.111171307393533425e+01 1.746281803207642369e+00
5.956985884442587320e+01 1.547057255643262019e+00
6.652942040385430289e+01 1.848867302282730218e+00
5.513161764250422436e+01 1.871649144175183022e+00
3.862946704063036663e+01 1.641104966753390126e+00
